{"producer":{"name":"Blender","version":"3.3.21","exporter_version":"3.3.2","file":"Punching.babylon"},
"autoClear":true,"clearColor":[0.0509,0.0509,0.0509],"gravity":[0,-9.81,0],
"skeletons":[{"name":"Armature","id":0,"dimensionsAtRest":[201.9794,195.2474,42.2415],"bones":[
{"name":"mixamorig:Hips","index":0,"matrix":[0.8704,-0.0549,-0.4893,0,-0.0266,0.9871,-0.1581,0,-0.4917,-0.1507,-0.8577,0,0.1707,92.2396,0.8915,1],"rest":[1,0.0001,0,0,-0.0001,1,0,0,0,0,-1,0,0,99.7919,0,1],"parentBoneIndex":-1,"length":10.8627
,"animation":
{"name":"anim","property":"_matrix","dataType":3,"framePerSecond":30,"loopBehavior":1,"keys":[
{"frame":1,"values":[0.8704,-0.0549,-0.4893,0,-0.0266,0.9871,-0.1581,0,-0.4917,-0.1507,-0.8577,0,0.1707,92.2396,0.8915,1]},
{"frame":2,"values":[0.8416,-0.0592,-0.5368,0,-0.0373,0.9852,-0.1672,0,-0.5387,-0.1608,-0.827,0,0.462,91.8529,1.2707,1]},
{"frame":3,"values":[0.8364,-0.0645,-0.5444,0,-0.0471,0.9809,-0.1886,0,-0.5462,-0.1834,-0.8174,0,1.1652,91.2297,1.4806,1]},
{"frame":4,"values":[0.8513,-0.0675,-0.5204,0,-0.056,0.9744,-0.2179,0,-0.5217,-0.2146,-0.8257,0,1.9992,90.5654,1.7388,1]},
{"frame":5,"values":[0.8842,-0.0638,-0.4627,0,-0.0577,0.9682,-0.2436,0,-0.4635,-0.2421,-0.8524,0,2.4947,89.962,1.8935,1]},
{"frame":6,"values":[0.9334,-0.0483,-0.3556,0,-0.0474,0.9656,-0.2555,0,-0.3557,-0.2553,-0.899,0,2.5047,89.5335,1.818,1]},
{"frame":7,"values":[0.9834,-0.0249,-0.1795,0,-0.0246,0.9629,-0.2686,0,-0.1795,-0.2686,-0.9464,0,1.9741,89.3889,1.2349,1]},
{"frame":8,"values":[0.9983,0.003,0.0588,0,0.0131,0.9625,-0.2708,0,0.0574,-0.2711,-0.9608,0,1.0778,89.4057,0.2177,1]},
{"frame":9,"values":[0.9437,0.0268,0.3296,0,0.0589,0.9672,-0.2472,0,0.3255,-0.2527,-0.9112,0,0.4064,89.4632,-1.1245,1]},
{"frame":10,"values":[0.814,0.0428,0.5793,0,0.097,0.9733,-0.2082,0,0.5727,-0.2257,-0.7881,0,0.2221,89.4488,-2.5736,1]},
{"frame":11,"values":[0.6533,0.0502,0.7554,0,0.1154,0.9796,-0.1648,0,0.7483,-0.1948,-0.6342,0,0.5564,89.3149,-3.6076,1]},
{"frame":12,"values":[0.5253,0.0506,0.8494,0,0.108,0.9862,-0.1255,0,0.8441,-0.1576,-0.5126,0,0.7788,89.0728,-4.3281,1]},
{"frame":13,"values":[0.4674,0.0541,0.8824,0,0.08,0.9914,-0.1032,0,0.8804,-0.1188,-0.459,0,1.0193,88.6807,-4.6219,1]},
{"frame":14,"values":[0.457,0.0625,0.8873,0,0.0591,0.9932,-0.1004,0,0.8875,-0.0983,-0.4502,0,0.9525,88.3559,-4.787,1]},
{"frame":15,"values":[0.4565,0.066,0.8873,0,0.0548,0.9933,-0.1021,0,0.888,-0.0953,-0.4498,0,0.6374,88.123,-5.2555,1]},
{"frame":16,"values":[0.4598,0.0634,0.8858,0,0.0618,0.9928,-0.1031,0,0.8859,-0.1021,-0.4525,0,0.2786,87.9562,-5.8123,1]},
{"frame":17,"values":[0.4773,0.0579,0.8768,0,0.072,0.9919,-0.1047,0,0.8758,-0.1131,-0.4693,0,-0.0595,87.9851,-6.2148,1]},
{"frame":18,"values":[0.5151,0.0501,0.8557,0,0.0837,0.9906,-0.1084,0,0.853,-0.1275,-0.5061,0,-0.1931,88.2326,-6.3784,1]},
{"frame":19,"values":[0.5736,0.0396,0.8182,0,0.091,0.9896,-0.1116,0,0.8141,-0.1385,-0.564,0,0.0831,88.7545,-6.1594,1]},
{"frame":20,"values":[0.6482,0.03,0.7609,0,0.0921,0.9888,-0.1175,0,0.7559,-0.1462,-0.6382,0,0.4986,89.3829,-5.8177,1]},
{"frame":21,"values":[0.7347,0.0237,0.6779,0,0.0848,0.9883,-0.1265,0,0.673,-0.1505,-0.7242,0,0.7521,90.0153,-5.2887,1]},
{"frame":22,"values":[0.824,0.0164,0.5664,0,0.0741,0.9879,-0.1364,0,0.5617,-0.1543,-0.8128,0,0.8548,90.5748,-4.6604,1]},
{"frame":23,"values":[0.9029,0.0093,0.4297,0,0.0594,0.9875,-0.1462,0,0.4257,-0.1575,-0.8911,0,0.77,91.1214,-3.9933,1]},
{"frame":24,"values":[0.959,-0.0046,0.2833,0,0.0505,0.9867,-0.1548,0,0.2788,-0.1627,-0.9465,0,0.6774,91.6263,-3.3753,1]},
{"frame":25,"values":[0.9888,-0.0167,0.1485,0,0.0409,0.9861,-0.1612,0,0.1438,-0.1655,-0.9757,0,0.7107,92.0219,-2.7478,1]},
{"frame":26,"values":[0.9994,-0.0262,0.0243,0,0.0298,0.986,-0.164,0,0.0196,-0.1646,-0.9862,0,0.8265,92.1826,-2.0799,1]},
{"frame":27,"values":[0.9949,-0.0338,-0.0945,0,0.0179,0.9862,-0.1644,0,-0.0988,-0.1619,-0.9819,0,0.8785,92.3246,-1.4619,1]},
{"frame":28,"values":[0.9774,-0.0404,-0.2077,0,0.0062,0.9867,-0.1627,0,-0.2115,-0.1577,-0.9646,0,0.7884,92.5527,-0.9047,1]},
{"frame":29,"values":[0.9478,-0.0459,-0.3155,0,-0.0053,0.9872,-0.1593,0,-0.3188,-0.1527,-0.9354,0,0.5147,92.6333,-0.3057,1]},
{"frame":30,"values":[0.9071,-0.0508,-0.4178,0,-0.0162,0.9878,-0.1551,0,-0.4206,-0.1475,-0.8952,0,0.1629,92.5115,0.3785,1]},
{"frame":31,"values":[0.8704,-0.0549,-0.4893,0,-0.0266,0.9871,-0.1581,0,-0.4917,-0.1507,-0.8577,0,0.1707,92.2395,0.8915,1]}]}},
{"name":"mixamorig:Spine","index":1,"matrix":[1,0.0069,-0.0011,0,-0.007,0.9959,-0.0907,0,0.0005,0.0907,0.9959,0,0.0009,9.9235,-1.2273,1],"rest":[1,0,0,0,0,0.9926,-0.1212,0,0,0.1212,0.9926,0,0.0009,9.9235,-1.2273,1],"parentBoneIndex":0,"length":11.732
,"animation":
{"name":"anim","property":"_matrix","dataType":3,"framePerSecond":30,"loopBehavior":1,"keys":[
{"frame":1,"values":[1,0.0069,-0.0011,0,-0.007,0.9959,-0.0907,0,0.0005,0.0907,0.9959,0,0.0009,9.9235,-1.2273,1]},
{"frame":2,"values":[1,0,0.0003,0,0.0001,0.9961,-0.0877,0,-0.0003,0.0877,0.9961,0,0.0009,9.9235,-1.2273,1]},
{"frame":3,"values":[1,-0.0015,0.0047,0,0.0019,0.9964,-0.0852,0,-0.0046,0.0852,0.9964,0,0.0009,9.9235,-1.2273,1]},
{"frame":4,"values":[0.9999,-0.002,0.012,0,0.003,0.9965,-0.0832,0,-0.0118,0.0832,0.9965,0,0.0009,9.9235,-1.2273,1]},
{"frame":5,"values":[0.9998,-0.0045,0.0202,0,0.0062,0.9966,-0.0827,0,-0.0198,0.0828,0.9964,0,0.0009,9.9235,-1.2273,1]},
{"frame":6,"values":[0.9996,-0.0082,0.0267,0,0.0102,0.997,-0.0764,0,-0.026,0.0767,0.9967,0,0.0009,9.9235,-1.2273,1]},
{"frame":7,"values":[0.9996,-0.003,0.0296,0,0.0053,0.9969,-0.0788,0,-0.0293,0.0789,0.9965,0,0.0009,9.9235,-1.2273,1]},
{"frame":8,"values":[0.9995,0.0125,0.0277,0,-0.0102,0.9967,-0.0807,0,-0.0287,0.0803,0.9964,0,0.0009,9.9235,-1.2273,1]},
{"frame":9,"values":[0.9988,0.0421,0.0234,0,-0.04,0.9956,-0.0843,0,-0.0268,0.0833,0.9962,0,0.0009,9.9235,-1.2273,1]},
{"frame":10,"values":[0.9969,0.0767,0.0193,0,-0.0746,0.9931,-0.0901,0,-0.0261,0.0884,0.9957,0,0.0009,9.9235,-1.2273,1]},
{"frame":11,"values":[0.9946,0.1027,0.0172,0,-0.1007,0.9903,-0.0955,0,-0.0268,0.0932,0.9953,0,0.0009,9.9235,-1.2273,1]},
{"frame":12,"values":[0.9933,0.1141,0.0158,0,-0.112,0.9888,-0.0985,0,-0.0269,0.0961,0.995,0,0.0009,9.9235,-1.2273,1]},
{"frame":13,"values":[0.9935,0.1133,0.013,0,-0.1115,0.9888,-0.0989,0,-0.024,0.0968,0.995,0,0.0009,9.9235,-1.2273,1]},
{"frame":14,"values":[0.9943,0.1066,0.0079,0,-0.1053,0.9896,-0.0976,0,-0.0182,0.0962,0.9952,0,0.0009,9.9235,-1.2273,1]},
{"frame":15,"values":[0.9952,0.098,0.0013,0,-0.0975,0.9906,-0.0958,0,-0.0107,0.0953,0.9954,0,0.0009,9.9235,-1.2273,1]},
{"frame":16,"values":[0.996,0.0894,-0.0053,0,-0.0895,0.9915,-0.0943,0,-0.0032,0.0943,0.9955,0,0.0009,9.9235,-1.2273,1]},
{"frame":17,"values":[0.9966,0.0812,-0.0104,0,-0.0819,0.9923,-0.0928,0,0.0028,0.0933,0.9956,0,0.0009,9.9235,-1.2273,1]},
{"frame":18,"values":[0.9972,0.0741,-0.0126,0,-0.0749,0.993,-0.0915,0,0.0058,0.0922,0.9957,0,0.0009,9.9235,-1.2273,1]},
{"frame":19,"values":[0.9976,0.0678,-0.0117,0,-0.0686,0.9935,-0.0907,0,0.0055,0.0913,0.9958,0,0.0009,9.9235,-1.2273,1]},
{"frame":20,"values":[0.9981,0.0612,-0.0088,0,-0.0618,0.994,-0.0899,0,0.0033,0.0903,0.9959,0,0.0009,9.9235,-1.2273,1]},
{"frame":21,"values":[0.9986,0.053,-0.0064,0,-0.0533,0.9946,-0.0889,0,0.0017,0.0891,0.996,0,0.0009,9.9235,-1.2273,1]},
{"frame":22,"values":[0.9991,0.042,-0.0058,0,-0.0424,0.9952,-0.088,0,0.0021,0.0881,0.9961,0,0.0009,9.9235,-1.2273,1]},
{"frame":23,"values":[0.9995,0.0302,-0.0065,0,-0.0307,0.9957,-0.0878,0,0.0038,0.088,0.9961,0,0.0009,9.9235,-1.2273,1]},
{"frame":24,"values":[0.9996,0.0261,-0.0065,0,-0.0266,0.9957,-0.0889,0,0.0041,0.0891,0.996,0,0.0009,9.9235,-1.2273,1]},
{"frame":25,"values":[0.9996,0.0261,-0.006,0,-0.0265,0.9956,-0.09,0,0.0036,0.0901,0.9959,0,0.0009,9.9235,-1.2273,1]},
{"frame":26,"values":[0.9996,0.0277,-0.0051,0,-0.028,0.9956,-0.0889,0,0.0026,0.089,0.996,0,0.0009,9.9235,-1.2273,1]},
{"frame":27,"values":[0.9996,0.0275,-0.0041,0,-0.0277,0.9958,-0.0876,0,0.0016,0.0877,0.9961,0,0.0009,9.9235,-1.2273,1]},
{"frame":28,"values":[0.9997,0.0252,-0.0032,0,-0.0254,0.9958,-0.0874,0,0.0009,0.0875,0.9962,0,0.0009,9.9235,-1.2273,1]},
{"frame":29,"values":[0.9998,0.0196,-0.0024,0,-0.0198,0.9958,-0.0889,0,0.0007,0.0889,0.996,0,0.0009,9.9235,-1.2273,1]},
{"frame":30,"values":[0.9999,0.0107,-0.0022,0,-0.0109,0.996,-0.0892,0,0.0012,0.0892,0.996,0,0.0009,9.9235,-1.2273,1]},
{"frame":31,"values":[1,0.0069,-0.0011,0,-0.007,0.9959,-0.0907,0,0.0005,0.0907,0.9959,0,0.0009,9.9235,-1.2273,1]}]}},
{"name":"mixamorig:Spine1","index":2,"matrix":[1,0.0045,-0.0004,0,-0.0045,0.998,0.0628,0,0.0007,-0.0628,0.998,0,0,11.732,0,1],"rest":[1,0,0,0,0,1,0.0004,0,0,-0.0004,1,0,0,11.732,0,1],"parentBoneIndex":1,"length":13.4588
,"animation":
{"name":"anim","property":"_matrix","dataType":3,"framePerSecond":30,"loopBehavior":1,"keys":[
{"frame":1,"values":[1,0.0045,-0.0004,0,-0.0045,0.998,0.0628,0,0.0007,-0.0628,0.998,0,0,11.732,0,1]},
{"frame":2,"values":[1,0.0026,0.0013,0,-0.0027,0.9978,0.0659,0,-0.0012,-0.0659,0.9978,0,0,11.732,0,1]},
{"frame":3,"values":[1,0.0025,0.0079,0,-0.003,0.9975,0.0704,0,-0.0077,-0.0704,0.9975,0,0,11.732,0,1]},
{"frame":4,"values":[0.9998,0.0017,0.0208,0,-0.0032,0.9971,0.0756,0,-0.0206,-0.0757,0.9969,0,0,11.732,0,1]},
{"frame":5,"values":[0.9993,0.0009,0.0361,0,-0.0038,0.9968,0.0798,0,-0.0359,-0.0799,0.9962,0,0,11.732,0,1]},
{"frame":6,"values":[0.9988,0.0008,0.0495,0,-0.0051,0.9963,0.086,0,-0.0493,-0.0861,0.9951,0,0,11.732,0,1]},
{"frame":7,"values":[0.9983,0.0048,0.0579,0,-0.0097,0.9964,0.0844,0,-0.0573,-0.0848,0.9948,0,0,11.732,0,1]},
{"frame":8,"values":[0.9982,0.0115,0.0588,0,-0.0162,0.9966,0.0807,0,-0.0577,-0.0816,0.995,0,0,11.732,0,1]},
{"frame":9,"values":[0.9983,0.0248,0.0526,0,-0.0288,0.9968,0.0749,0,-0.0506,-0.0763,0.9958,0,0,11.732,0,1]},
{"frame":10,"values":[0.9983,0.0419,0.0402,0,-0.0446,0.9967,0.0681,0,-0.0372,-0.0697,0.9969,0,0,11.732,0,1]},
{"frame":11,"values":[0.9981,0.0566,0.0226,0,-0.058,0.9963,0.0633,0,-0.0189,-0.0645,0.9977,0,0,11.732,0,1]},
{"frame":12,"values":[0.9979,0.0649,0.002,0,-0.0649,0.9959,0.0625,0,0.002,-0.0625,0.998,0,0,11.732,0,1]},
{"frame":13,"values":[0.9977,0.0658,-0.0182,0,-0.0645,0.9958,0.0652,0,0.0225,-0.0639,0.9977,0,0,11.732,0,1]},
{"frame":14,"values":[0.9975,0.0607,-0.0353,0,-0.0582,0.9959,0.0691,0,0.0394,-0.0668,0.997,0,0,11.732,0,1]},
{"frame":15,"values":[0.9975,0.0525,-0.0482,0,-0.049,0.9962,0.0717,0,0.0518,-0.0692,0.9963,0,0,11.732,0,1]},
{"frame":16,"values":[0.9974,0.0444,-0.0572,0,-0.0401,0.9965,0.0731,0,0.0602,-0.0706,0.9957,0,0,11.732,0,1]},
{"frame":17,"values":[0.9974,0.0378,-0.0621,0,-0.0332,0.9967,0.0739,0,0.0647,-0.0717,0.9953,0,0,11.732,0,1]},
{"frame":18,"values":[0.9976,0.0324,-0.0619,0,-0.0277,0.9969,0.0743,0,0.0641,-0.0724,0.9953,0,0,11.732,0,1]},
{"frame":19,"values":[0.9981,0.0274,-0.056,0,-0.0232,0.997,0.0738,0,0.0579,-0.0724,0.9957,0,0,11.732,0,1]},
{"frame":20,"values":[0.9987,0.0226,-0.0457,0,-0.0192,0.9971,0.0731,0,0.0472,-0.0722,0.9963,0,0,11.732,0,1]},
{"frame":21,"values":[0.9993,0.0177,-0.0342,0,-0.0151,0.9972,0.0726,0,0.0354,-0.0721,0.9968,0,0,11.732,0,1]},
{"frame":22,"values":[0.9996,0.0123,-0.0248,0,-0.0105,0.9973,0.072,0,0.0256,-0.0718,0.9971,0,0,11.732,0,1]},
{"frame":23,"values":[0.9998,0.0066,-0.0183,0,-0.0053,0.9975,0.0703,0,0.0187,-0.0702,0.9974,0,0,11.732,0,1]},
{"frame":24,"values":[0.9999,0.0049,-0.0138,0,-0.004,0.9977,0.0679,0,0.0142,-0.0678,0.9976,0,0,11.732,0,1]},
{"frame":25,"values":[0.9999,0.0056,-0.0106,0,-0.0049,0.9978,0.0661,0,0.0109,-0.066,0.9978,0,0,11.732,0,1]},
{"frame":26,"values":[0.9999,0.0078,-0.0077,0,-0.0073,0.9978,0.0658,0,0.0082,-0.0658,0.9978,0,0,11.732,0,1]},
{"frame":27,"values":[0.9999,0.0094,-0.0054,0,-0.009,0.9978,0.066,0,0.006,-0.0659,0.9978,0,0,11.732,0,1]},
{"frame":28,"values":[0.9999,0.0097,-0.0037,0,-0.0094,0.9978,0.0655,0,0.0043,-0.0655,0.9978,0,0,11.732,0,1]},
{"frame":29,"values":[1,0.0081,-0.0024,0,-0.0079,0.9979,0.0641,0,0.003,-0.0641,0.9979,0,0,11.732,0,1]},
{"frame":30,"values":[1,0.0045,-0.0017,0,-0.0043,0.998,0.0634,0,0.002,-0.0634,0.998,0,0,11.732,0,1]},
{"frame":31,"values":[1,0.0045,-0.0004,0,-0.0045,0.998,0.0628,0,0.0007,-0.0628,0.998,0,0,11.732,0,1]}]}},
{"name":"mixamorig:Spine2","index":3,"matrix":[1,0.0046,-0.0005,0,-0.0044,0.9842,0.177,0,0.0013,-0.177,0.9842,0,0,13.4588,0,1],"rest":[1,0,0,0,0,0.9933,0.1152,0,0,-0.1152,0.9933,0,0,13.4588,0,1],"parentBoneIndex":2,"length":12.3444
,"animation":
{"name":"anim","property":"_matrix","dataType":3,"framePerSecond":30,"loopBehavior":1,"keys":[
{"frame":1,"values":[1,0.0046,-0.0005,0,-0.0044,0.9842,0.177,0,0.0013,-0.177,0.9842,0,0,13.4588,0,1]},
{"frame":2,"values":[1,0.0026,0.0014,0,-0.0028,0.9837,0.18,0,-0.0009,-0.18,0.9837,0,0,13.4588,0,1]},
{"frame":3,"values":[1,0.0025,0.008,0,-0.0039,0.9828,0.1845,0,-0.0074,-0.1845,0.9828,0,0,13.4588,0,1]},
{"frame":4,"values":[0.9998,0.0017,0.0208,0,-0.0056,0.9818,0.1896,0,-0.0201,-0.1897,0.9816,0,0,13.4588,0,1]},
{"frame":5,"values":[0.9993,0.001,0.0363,0,-0.008,0.981,0.1936,0,-0.0354,-0.1938,0.9804,0,0,13.4588,0,1]},
{"frame":6,"values":[0.9988,0.0007,0.0499,0,-0.0107,0.9798,0.1995,0,-0.0487,-0.1998,0.9786,0,0,13.4588,0,1]},
{"frame":7,"values":[0.9983,0.0048,0.0581,0,-0.0162,0.9801,0.1979,0,-0.056,-0.1985,0.9785,0,0,13.4588,0,1]},
{"frame":8,"values":[0.9982,0.0115,0.0587,0,-0.0228,0.9806,0.1945,0,-0.0554,-0.1955,0.9791,0,0,13.4588,0,1]},
{"frame":9,"values":[0.9983,0.025,0.0521,0,-0.0344,0.9814,0.1891,0,-0.0464,-0.1905,0.9806,0,0,13.4588,0,1]},
{"frame":10,"values":[0.9983,0.0422,0.0391,0,-0.0486,0.982,0.1825,0,-0.0307,-0.1841,0.9824,0,0,13.4588,0,1]},
{"frame":11,"values":[0.9982,0.057,0.0209,0,-0.0598,0.9823,0.1778,0,-0.0104,-0.1787,0.9839,0,0,13.4588,0,1]},
{"frame":12,"values":[0.9979,0.0651,-0.0001,0,-0.064,0.9822,0.1766,0,0.0116,-0.1762,0.9843,0,0,13.4588,0,1]},
{"frame":13,"values":[0.9976,0.0658,-0.0207,0,-0.061,0.982,0.1788,0,0.0321,-0.1771,0.9837,0,0,13.4588,0,1]},
{"frame":14,"values":[0.9975,0.0605,-0.0378,0,-0.0526,0.9819,0.1821,0,0.0481,-0.1797,0.9825,0,0,13.4588,0,1]},
{"frame":15,"values":[0.9974,0.052,-0.0505,0,-0.0419,0.9819,0.1845,0,0.0592,-0.1819,0.9815,0,0,13.4588,0,1]},
{"frame":16,"values":[0.9973,0.0438,-0.0592,0,-0.0321,0.9821,0.1857,0,0.0663,-0.1833,0.9808,0,0,13.4588,0,1]},
{"frame":17,"values":[0.9973,0.0372,-0.0639,0,-0.0247,0.9821,0.1866,0,0.0696,-0.1845,0.9804,0,0,13.4588,0,1]},
{"frame":18,"values":[0.9975,0.0318,-0.0635,0,-0.0195,0.9822,0.187,0,0.0683,-0.1853,0.9803,0,0,13.4588,0,1]},
{"frame":19,"values":[0.998,0.027,-0.0574,0,-0.0159,0.9823,0.1868,0,0.0615,-0.1855,0.9807,0,0,13.4588,0,1]},
{"frame":20,"values":[0.9986,0.0224,-0.047,0,-0.0133,0.9824,0.1863,0,0.0503,-0.1854,0.9814,0,0,13.4588,0,1]},
{"frame":21,"values":[0.9992,0.0176,-0.0353,0,-0.0107,0.9825,0.1861,0,0.038,-0.1856,0.9819,0,0,13.4588,0,1]},
{"frame":22,"values":[0.9996,0.0124,-0.0257,0,-0.0074,0.9826,0.1858,0,0.0275,-0.1855,0.9823,0,0,13.4588,0,1]},
{"frame":23,"values":[0.9998,0.0067,-0.0189,0,-0.0031,0.9829,0.1842,0,0.0198,-0.1841,0.9827,0,0,13.4588,0,1]},
{"frame":24,"values":[0.9999,0.005,-0.0144,0,-0.0023,0.9833,0.1819,0,0.0151,-0.1818,0.9832,0,0,13.4588,0,1]},
{"frame":25,"values":[0.9999,0.0057,-0.0111,0,-0.0036,0.9836,0.1801,0,0.012,-0.1801,0.9836,0,0,13.4588,0,1]},
{"frame":26,"values":[0.9999,0.008,-0.0084,0,-0.0063,0.9837,0.1799,0,0.0096,-0.1798,0.9837,0,0,13.4588,0,1]},
{"frame":27,"values":[0.9999,0.0095,-0.0061,0,-0.0083,0.9836,0.1801,0,0.0077,-0.18,0.9836,0,0,13.4588,0,1]},
{"frame":28,"values":[0.9999,0.0098,-0.0043,0,-0.0089,0.9837,0.1797,0,0.006,-0.1796,0.9837,0,0,13.4588,0,1]},
{"frame":29,"values":[1,0.0082,-0.0029,0,-0.0075,0.984,0.1783,0,0.0043,-0.1782,0.984,0,0,13.4588,0,1]},
{"frame":30,"values":[1,0.0045,-0.0018,0,-0.0041,0.9841,0.1776,0,0.0026,-0.1776,0.9841,0,0,13.4588,0,1]},
{"frame":31,"values":[1,0.0046,-0.0005,0,-0.0044,0.9842,0.177,0,0.0013,-0.177,0.9842,0,0,13.4588,0,1]}]}},
{"name":"mixamorig:Neck","index":4,"matrix":[0.9906,-0.1001,-0.0929,0,0.1158,0.9763,0.1827,0,0.0725,-0.1918,0.9788,0,0,15.0278,0.8779,1],"rest":[1,0,0,0,0,1,0.0057,0,0,-0.0057,1,0,0,15.0278,0.8779,1],"parentBoneIndex":3,"length":10.7895
,"animation":
{"name":"anim","property":"_matrix","dataType":3,"framePerSecond":30,"loopBehavior":1,"keys":[
{"frame":1,"values":[0.9906,-0.1001,-0.0929,0,0.1158,0.9763,0.1827,0,0.0725,-0.1918,0.9788,0,0,15.0278,0.8779,1]},
{"frame":2,"values":[0.9894,-0.1048,-0.1002,0,0.1213,0.9769,0.1759,0,0.0794,-0.1862,0.9793,0,0,15.0278,0.8779,1]},
{"frame":3,"values":[0.9882,-0.1103,-0.1061,0,0.1269,0.9781,0.1649,0,0.0856,-0.1765,0.9806,0,0,15.0278,0.8779,1]},
{"frame":4,"values":[0.9874,-0.1146,-0.1094,0,0.1308,0.9794,0.1538,0,0.0895,-0.1662,0.982,0,0,15.0278,0.8779,1]},
{"frame":5,"values":[0.9875,-0.115,-0.1074,0,0.1301,0.9806,0.1469,0,0.0884,-0.1591,0.9833,0,0,15.0278,0.8779,1]},
{"frame":6,"values":[0.9893,-0.1085,-0.0973,0,0.1221,0.9816,0.1469,0,0.0796,-0.1572,0.9844,0,0,15.0278,0.8779,1]},
{"frame":7,"values":[0.9925,-0.0951,-0.0771,0,0.1062,0.9823,0.1542,0,0.0611,-0.1612,0.985,0,0,15.0278,0.8779,1]},
{"frame":8,"values":[0.9957,-0.0802,-0.0473,0,0.087,0.9825,0.1649,0,0.0333,-0.1683,0.9852,0,0,15.0278,0.8779,1]},
{"frame":9,"values":[0.9975,-0.0701,-0.0121,0,0.0711,0.9823,0.1734,0,-0.0003,-0.1738,0.9848,0,0,15.0278,0.8779,1]},
{"frame":10,"values":[0.9975,-0.0668,0.0209,0,0.0621,0.9821,0.1779,0,-0.0324,-0.1761,0.9838,0,0,15.0278,0.8779,1]},
{"frame":11,"values":[0.9967,-0.0686,0.0436,0,0.0595,0.9814,0.1826,0,-0.0553,-0.1794,0.9822,0,0,15.0278,0.8779,1]},
{"frame":12,"values":[0.996,-0.0732,0.0522,0,0.0619,0.9794,0.192,0,-0.0652,-0.188,0.98,0,0,15.0278,0.8779,1]},
{"frame":13,"values":[0.9957,-0.0788,0.0493,0,0.0671,0.9765,0.2048,0,-0.0643,-0.2006,0.9776,0,0,15.0278,0.8779,1]},
{"frame":14,"values":[0.9957,-0.0832,0.0399,0,0.0728,0.9738,0.2154,0,-0.0568,-0.2116,0.9757,0,0,15.0278,0.8779,1]},
{"frame":15,"values":[0.9959,-0.086,0.0288,0,0.0776,0.9724,0.22,0,-0.0469,-0.2168,0.9751,0,0,15.0278,0.8779,1]},
{"frame":16,"values":[0.996,-0.0871,0.0203,0,0.0806,0.9724,0.2191,0,-0.0388,-0.2166,0.9755,0,0,15.0278,0.8779,1]},
{"frame":17,"values":[0.9962,-0.0856,0.0158,0,0.0802,0.9731,0.2159,0,-0.0338,-0.2139,0.9763,0,0,15.0278,0.8779,1]},
{"frame":18,"values":[0.9966,-0.0815,0.0135,0,0.0768,0.9739,0.2135,0,-0.0306,-0.2117,0.9768,0,0,15.0278,0.8779,1]},
{"frame":19,"values":[0.9969,-0.0773,0.011,0,0.0732,0.9744,0.2125,0,-0.0271,-0.211,0.9771,0,0,15.0278,0.8779,1]},
{"frame":20,"values":[0.9971,-0.0759,0.0063,0,0.0729,0.9747,0.2113,0,-0.0222,-0.2102,0.9774,0,0,15.0278,0.8779,1]},
{"frame":21,"values":[0.997,-0.0771,-0.001,0,0.0756,0.975,0.209,0,-0.0152,-0.2084,0.9779,0,0,15.0278,0.8779,1]},
{"frame":22,"values":[0.9969,-0.0783,-0.0104,0,0.0788,0.9753,0.2062,0,-0.006,-0.2064,0.9785,0,0,15.0278,0.8779,1]},
{"frame":23,"values":[0.9967,-0.0784,-0.0213,0,0.0811,0.9755,0.2043,0,0.0048,-0.2054,0.9787,0,0,15.0278,0.8779,1]},
{"frame":24,"values":[0.9963,-0.0793,-0.032,0,0.0841,0.9756,0.2027,0,0.0151,-0.2046,0.9787,0,0,15.0278,0.8779,1]},
{"frame":25,"values":[0.9958,-0.0812,-0.0416,0,0.0879,0.9757,0.2005,0,0.0243,-0.2033,0.9788,0,0,15.0278,0.8779,1]},
{"frame":26,"values":[0.9952,-0.0837,-0.0507,0,0.0921,0.9758,0.1981,0,0.0329,-0.2018,0.9789,0,0,15.0278,0.8779,1]},
{"frame":27,"values":[0.9945,-0.0865,-0.0595,0,0.0966,0.9759,0.1955,0,0.0412,-0.2001,0.9789,0,0,15.0278,0.8779,1]},
{"frame":28,"values":[0.9936,-0.0896,-0.0681,0,0.1012,0.976,0.1928,0,0.0492,-0.1984,0.9789,0,0,15.0278,0.8779,1]},
{"frame":29,"values":[0.9927,-0.0928,-0.0766,0,0.1059,0.9761,0.19,0,0.0571,-0.1968,0.9788,0,0,15.0278,0.8779,1]},
{"frame":30,"values":[0.9917,-0.096,-0.0851,0,0.1106,0.976,0.1874,0,0.0651,-0.1952,0.9786,0,0,15.0278,0.8779,1]},
{"frame":31,"values":[0.9906,-0.1001,-0.0929,0,0.1158,0.9763,0.1827,0,0.0725,-0.1918,0.9788,0,0,15.0278,0.8779,1]}]}},
{"name":"mixamorig:Head","index":5,"matrix":[0.9263,-0.111,-0.36,0,0.1341,0.9902,0.0396,0,0.352,-0.085,0.9321,0,0,10.3218,3.1424,1],"rest":[1,0,0,0,0,1,0,0,0,0,1,0,0,10.3218,3.1424,1],"parentBoneIndex":4,"length":19.6305
,"animation":
{"name":"anim","property":"_matrix","dataType":3,"framePerSecond":30,"loopBehavior":1,"keys":[
{"frame":1,"values":[0.9263,-0.111,-0.36,0,0.1341,0.9902,0.0396,0,0.352,-0.085,0.9321,0,0,10.3218,3.1424,1]},
{"frame":2,"values":[0.9115,-0.1213,-0.3929,0,0.1405,0.9899,0.0205,0,0.3865,-0.0739,0.9193,0,0,10.3218,3.1424,1]},
{"frame":3,"values":[0.8988,-0.1336,-0.4176,0,0.1409,0.9899,-0.0133,0,0.4152,-0.0469,0.9085,0,0,10.3218,3.1424,1]},
{"frame":4,"values":[0.89,-0.1501,-0.4306,0,0.1423,0.9885,-0.0505,0,0.4333,-0.0163,0.9011,0,0,10.3218,3.1424,1]},
{"frame":5,"values":[0.8902,-0.1673,-0.4237,0,0.1481,0.9859,-0.0783,0,0.4308,0.0069,0.9024,0,0,10.3218,3.1424,1]},
{"frame":6,"values":[0.9051,-0.176,-0.3872,0,0.1543,0.9842,-0.0867,0,0.3963,0.0187,0.9179,0,0,10.3218,3.1424,1]},
{"frame":7,"values":[0.9386,-0.1627,-0.3041,0,0.1471,0.9864,-0.0735,0,0.3119,0.0242,0.9498,0,0,10.3218,3.1424,1]},
{"frame":8,"values":[0.9801,-0.1184,-0.1596,0,0.112,0.9925,-0.0484,0,0.1642,0.0296,0.986,0,0,10.3218,3.1424,1]},
{"frame":9,"values":[0.9983,-0.0496,0.0296,0,0.0505,0.9983,-0.0306,0,-0.028,0.032,0.9991,0,0,10.3218,3.1424,1]},
{"frame":10,"values":[0.9783,0.0208,0.2061,0,-0.0153,0.9995,-0.028,0,-0.2066,0.0242,0.9781,0,0,10.3218,3.1424,1]},
{"frame":11,"values":[0.9453,0.0669,0.3193,0,-0.0626,0.9978,-0.0236,0,-0.3202,0.0023,0.9473,0,0,10.3218,3.1424,1]},
{"frame":12,"values":[0.9281,0.073,0.365,0,-0.0803,0.9968,0.0049,0,-0.3635,-0.0339,0.931,0,0,10.3218,3.1424,1]},
{"frame":13,"values":[0.9296,0.0441,0.3658,0,-0.0698,0.9959,0.0574,0,-0.3618,-0.0789,0.9289,0,0,10.3218,3.1424,1]},
{"frame":14,"values":[0.9392,0.0075,0.3433,0,-0.0481,0.9928,0.11,0,-0.34,-0.1198,0.9328,0,0,10.3218,3.1424,1]},
{"frame":15,"values":[0.95,-0.0096,0.312,0,-0.0359,0.9895,0.1398,0,-0.3101,-0.144,0.9397,0,0,10.3218,3.1424,1]},
{"frame":16,"values":[0.9593,-0.0046,0.2823,0,-0.0375,0.989,0.1433,0,-0.2799,-0.1481,0.9486,0,0,10.3218,3.1424,1]},
{"frame":17,"values":[0.9662,0.0065,0.2577,0,-0.0418,0.9904,0.1317,0,-0.2544,-0.1381,0.9572,0,0,10.3218,3.1424,1]},
{"frame":18,"values":[0.9719,0.0112,0.2353,0,-0.0404,0.992,0.1195,0,-0.2321,-0.1256,0.9645,0,0,10.3218,3.1424,1]},
{"frame":19,"values":[0.9774,0.0089,0.2112,0,-0.0338,0.9928,0.1146,0,-0.2086,-0.1191,0.9707,0,0,10.3218,3.1424,1]},
{"frame":20,"values":[0.9834,0.004,0.1816,0,-0.025,0.9932,0.1136,0,-0.1799,-0.1162,0.9768,0,0,10.3218,3.1424,1]},
{"frame":21,"values":[0.9899,-0.0004,0.1418,0,-0.0149,0.9941,0.107,0,-0.1411,-0.108,0.9841,0,0,10.3218,3.1424,1]},
{"frame":22,"values":[0.996,-0.0048,0.0894,0,-0.0035,0.9958,0.092,0,-0.0895,-0.0919,0.9917,0,0,10.3218,3.1424,1]},
{"frame":23,"values":[0.9996,-0.0107,0.0264,0,0.0087,0.9971,0.0752,0,-0.0271,-0.0749,0.9968,0,0,10.3218,3.1424,1]},
{"frame":24,"values":[0.9992,-0.0208,-0.0343,0,0.023,0.9976,0.0654,0,0.0329,-0.0661,0.9973,0,0,10.3218,3.1424,1]},
{"frame":25,"values":[0.9956,-0.0333,-0.0881,0,0.0386,0.9974,0.0601,0,0.0858,-0.0633,0.9943,0,0,10.3218,3.1424,1]},
{"frame":26,"values":[0.9893,-0.0467,-0.1384,0,0.055,0.9969,0.0569,0,0.1353,-0.0639,0.9887,0,0,10.3218,3.1424,1]},
{"frame":27,"values":[0.9807,-0.0605,-0.1862,0,0.0718,0.9959,0.055,0,0.1821,-0.0673,0.981,0,0,10.3218,3.1424,1]},
{"frame":28,"values":[0.9698,-0.0742,-0.2322,0,0.089,0.9946,0.0538,0,0.227,-0.0729,0.9712,0,0,10.3218,3.1424,1]},
{"frame":29,"values":[0.9567,-0.0877,-0.2774,0,0.1063,0.9929,0.0527,0,0.2708,-0.0799,0.9593,0,0,10.3218,3.1424,1]},
{"frame":30,"values":[0.9414,-0.1003,-0.3219,0,0.123,0.9911,0.0509,0,0.314,-0.0875,0.9454,0,0,10.3218,3.1424,1]},
{"frame":31,"values":[0.9263,-0.111,-0.36,0,0.1341,0.9902,0.0396,0,0.352,-0.085,0.9321,0,0,10.3218,3.1424,1]}]}},
{"name":"mixamorig:HeadTop_End","index":6,"matrix":[1,0,0,0,0,1,0,0,0,0,1,0,0.0002,18.4747,6.6364,1],"rest":[1,0,0,0,0,1,0,0,0,0,1,0,0.0002,18.4747,6.6364,1],"parentBoneIndex":5,"length":19.6305
,"animation":
{"name":"anim","property":"_matrix","dataType":3,"framePerSecond":30,"loopBehavior":1,"keys":[
{"frame":1,"values":[1,0,0,0,0,1,0,0,0,0,1,0,0.0002,18.4747,6.6364,1]},
{"frame":31,"values":[1,0,0,0,0,1,0,0,0,0,1,0,0.0002,18.4747,6.6364,1]}]}},
{"name":"mixamorig:LeftShoulder","index":7,"matrix":[0.099,0.0854,-0.9914,0,0.9742,-0.2115,0.0791,0,-0.2029,-0.9736,-0.1042,0,6.1058,9.1063,0.7571,1],"rest":[-0.2012,0.0098,-0.9795,0,0.9793,-0.0196,-0.2014,0,-0.0211,-0.9998,-0.0057,0,6.1058,9.1063,0.7571,1],"parentBoneIndex":3,"length":12.9223
,"animation":
{"name":"anim","property":"_matrix","dataType":3,"framePerSecond":30,"loopBehavior":1,"keys":[
{"frame":1,"values":[0.099,0.0854,-0.9914,0,0.9742,-0.2115,0.0791,0,-0.2029,-0.9736,-0.1042,0,6.1058,9.1063,0.7571,1]},
{"frame":2,"values":[0.1139,0.0857,-0.9898,0,0.9733,-0.2097,0.0938,0,-0.1995,-0.974,-0.1073,0,6.1058,9.1063,0.7571,1]},
{"frame":3,"values":[0.1323,0.085,-0.9876,0,0.9721,-0.2058,0.1125,0,-0.1937,-0.9749,-0.1099,0,6.1058,9.1063,0.7571,1]},
{"frame":4,"values":[0.1503,0.0834,-0.9851,0,0.9707,-0.2015,0.131,0,-0.1876,-0.9759,-0.1112,0,6.1058,9.1063,0.7571,1]},
{"frame":5,"values":[0.1655,0.0819,-0.9828,0,0.969,-0.1989,0.1466,0,-0.1835,-0.9766,-0.1123,0,6.1058,9.1063,0.7571,1]},
{"frame":6,"values":[0.1743,0.0814,-0.9813,0,0.9678,-0.1978,0.1555,0,-0.1814,-0.9769,-0.1133,0,6.1058,9.1063,0.7571,1]},
{"frame":7,"values":[0.1718,0.081,-0.9818,0,0.9687,-0.1951,0.1534,0,-0.1791,-0.9774,-0.112,0,6.1058,9.1063,0.7571,1]},
{"frame":8,"values":[0.1561,0.0784,-0.9846,0,0.9721,-0.1889,0.139,0,-0.175,-0.9789,-0.1057,0,6.1058,9.1063,0.7571,1]},
{"frame":9,"values":[0.1339,0.0731,-0.9883,0,0.9764,-0.18,0.119,0,-0.1692,-0.9809,-0.0955,0,6.1058,9.1063,0.7571,1]},
{"frame":10,"values":[0.1185,0.0679,-0.9906,0,0.9795,-0.1717,0.1054,0,-0.1629,-0.9828,-0.0869,0,6.1058,9.1063,0.7571,1]},
{"frame":11,"values":[0.1162,0.0661,-0.991,0,0.9804,-0.1673,0.1038,0,-0.1589,-0.9837,-0.0843,0,6.1058,9.1063,0.7571,1]},
{"frame":12,"values":[0.1196,0.0683,-0.9905,0,0.9797,-0.17,0.1066,0,-0.1611,-0.9831,-0.0872,0,6.1058,9.1063,0.7571,1]},
{"frame":13,"values":[0.1171,0.0726,-0.9905,0,0.9785,-0.1791,0.1026,0,-0.17,-0.9811,-0.092,0,6.1058,9.1063,0.7571,1]},
{"frame":14,"values":[0.1067,0.0765,-0.9913,0,0.9777,-0.1894,0.0906,0,-0.1808,-0.9789,-0.095,0,6.1058,9.1063,0.7571,1]},
{"frame":15,"values":[0.096,0.0782,-0.9923,0,0.9777,-0.1945,0.0792,0,-0.1869,-0.9778,-0.0951,0,6.1058,9.1063,0.7571,1]},
{"frame":16,"values":[0.0909,0.0771,-0.9929,0,0.9784,-0.1929,0.0746,0,-0.1858,-0.9782,-0.0929,0,6.1058,9.1063,0.7571,1]},
{"frame":17,"values":[0.0887,0.0744,-0.9933,0,0.9796,-0.1872,0.0735,0,-0.1804,-0.9795,-0.0895,0,6.1058,9.1063,0.7571,1]},
{"frame":18,"values":[0.0838,0.072,-0.9939,0,0.9809,-0.1819,0.0695,0,-0.1758,-0.9807,-0.0858,0,6.1058,9.1063,0.7571,1]},
{"frame":19,"values":[0.075,0.0711,-0.9946,0,0.9816,-0.1809,0.0611,0,-0.1756,-0.9809,-0.0833,0,6.1058,9.1063,0.7571,1]},
{"frame":20,"values":[0.0646,0.0723,-0.9953,0,0.9814,-0.1854,0.0503,0,-0.1809,-0.98,-0.083,0,6.1058,9.1063,0.7571,1]},
{"frame":21,"values":[0.0551,0.0751,-0.9957,0,0.9803,-0.1936,0.0396,0,-0.1898,-0.9782,-0.0843,0,6.1058,9.1063,0.7571,1]},
{"frame":22,"values":[0.0458,0.0782,-0.9959,0,0.9788,-0.2028,0.0291,0,-0.1997,-0.9761,-0.0858,0,6.1058,9.1063,0.7571,1]},
{"frame":23,"values":[0.034,0.0805,-0.9962,0,0.9774,-0.211,0.0163,0,-0.2088,-0.9742,-0.0858,0,6.1058,9.1063,0.7571,1]},
{"frame":24,"values":[0.0281,0.0817,-0.9963,0,0.9765,-0.2152,0.0099,0,-0.2136,-0.9731,-0.0858,0,6.1058,9.1063,0.7571,1]},
{"frame":25,"values":[0.0314,0.0825,-0.9961,0,0.9761,-0.2167,0.0128,0,-0.2148,-0.9727,-0.0873,0,6.1058,9.1063,0.7571,1]},
{"frame":26,"values":[0.0388,0.0831,-0.9958,0,0.976,-0.2169,0.02,0,-0.2144,-0.9726,-0.0895,0,6.1058,9.1063,0.7571,1]},
{"frame":27,"values":[0.0492,0.0835,-0.9953,0,0.9759,-0.2163,0.0301,0,-0.2127,-0.9728,-0.0922,0,6.1058,9.1063,0.7571,1]},
{"frame":28,"values":[0.0614,0.0839,-0.9946,0,0.9757,-0.215,0.0421,0,-0.2103,-0.973,-0.0951,0,6.1058,9.1063,0.7571,1]},
{"frame":29,"values":[0.0741,0.0844,-0.9937,0,0.9754,-0.2137,0.0546,0,-0.2077,-0.9733,-0.0981,0,6.1058,9.1063,0.7571,1]},
{"frame":30,"values":[0.086,0.0849,-0.9927,0,0.9749,-0.2126,0.0663,0,-0.2054,-0.9734,-0.1011,0,6.1058,9.1063,0.7571,1]},
{"frame":31,"values":[0.099,0.0854,-0.9914,0,0.9742,-0.2115,0.0791,0,-0.2029,-0.9736,-0.1042,0,6.1058,9.1063,0.7571,1]}]}},
{"name":"mixamorig:LeftArm","index":8,"matrix":[0.3601,0.1927,0.9128,0,-0.769,0.6153,0.1735,0,-0.5282,-0.7644,0.3697,0,0,12.9223,0,1],"rest":[0.9795,0.2013,0,0,-0.2012,0.9793,-0.021,0,-0.0042,0.0206,0.9998,0,0,12.9223,0,1],"parentBoneIndex":7,"length":27.4047
,"animation":
{"name":"anim","property":"_matrix","dataType":3,"framePerSecond":30,"loopBehavior":1,"keys":[
{"frame":1,"values":[0.3601,0.1927,0.9128,0,-0.769,0.6153,0.1735,0,-0.5282,-0.7644,0.3697,0,0,12.9223,0,1]},
{"frame":2,"values":[0.3186,0.1653,0.9334,0,-0.7799,0.6054,0.1591,0,-0.5388,-0.7786,0.3218,0,0,12.9223,0,1]},
{"frame":3,"values":[0.2796,0.1371,0.9503,0,-0.7914,0.5933,0.1473,0,-0.5436,-0.7933,0.2744,0,0,12.9223,0,1]},
{"frame":4,"values":[0.2429,0.1265,0.9618,0,-0.805,0.5795,0.1271,0,-0.5413,-0.8051,0.2426,0,0,12.9223,0,1]},
{"frame":5,"values":[0.2238,0.1308,0.9658,0,-0.8156,0.5676,0.1121,0,-0.5336,-0.8128,0.2337,0,0,12.9223,0,1]},
{"frame":6,"values":[0.2216,0.1507,0.9634,0,-0.8192,0.5647,0.1001,0,-0.529,-0.8114,0.2486,0,0,12.9223,0,1]},
{"frame":7,"values":[0.2563,0.1791,0.9499,0,-0.8162,0.5665,0.1134,0,-0.5178,-0.8044,0.2914,0,0,12.9223,0,1]},
{"frame":8,"values":[0.2845,0.2317,0.9303,0,-0.8221,0.5582,0.1124,0,-0.4932,-0.7967,0.3493,0,0,12.9223,0,1]},
{"frame":9,"values":[0.2929,0.2938,0.9099,0,-0.8377,0.5377,0.096,0,-0.461,-0.7903,0.4036,0,0,12.9223,0,1]},
{"frame":10,"values":[0.2937,0.3586,0.8861,0,-0.8543,0.5143,0.075,0,-0.4289,-0.779,0.4574,0,0,12.9223,0,1]},
{"frame":11,"values":[0.3122,0.4236,0.8503,0,-0.8595,0.5072,0.0629,0,-0.4047,-0.7505,0.5225,0,0,12.9223,0,1]},
{"frame":12,"values":[0.3581,0.4785,0.8017,0,-0.8491,0.524,0.0665,0,-0.3883,-0.7046,0.594,0,0,12.9223,0,1]},
{"frame":13,"values":[0.4169,0.5094,0.7528,0,-0.8287,0.5533,0.0845,0,-0.3734,-0.6591,0.6528,0,0,12.9223,0,1]},
{"frame":14,"values":[0.4631,0.52,0.7178,0,-0.8113,0.5748,0.107,0,-0.357,-0.6318,0.688,0,0,12.9223,0,1]},
{"frame":15,"values":[0.4827,0.5254,0.7007,0,-0.8054,0.5805,0.1195,0,-0.344,-0.6221,0.7033,0,0,12.9223,0,1]},
{"frame":16,"values":[0.4828,0.5311,0.6963,0,-0.8066,0.5793,0.1174,0,-0.341,-0.6184,0.708,0,0,12.9223,0,1]},
{"frame":17,"values":[0.4783,0.5316,0.699,0,-0.8057,0.5824,0.1084,0,-0.3495,-0.615,0.7068,0,0,12.9223,0,1]},
{"frame":18,"values":[0.4774,0.5219,0.7069,0,-0.7998,0.5912,0.1036,0,-0.3639,-0.6148,0.6997,0,0,12.9223,0,1]},
{"frame":19,"values":[0.4825,0.5032,0.7169,0,-0.7916,0.6009,0.111,0,-0.3749,-0.621,0.6883,0,0,12.9223,0,1]},
{"frame":20,"values":[0.4953,0.4798,0.7242,0,-0.7831,0.6075,0.1331,0,-0.3761,-0.633,0.6766,0,0,12.9223,0,1]},
{"frame":21,"values":[0.5141,0.455,0.7271,0,-0.7741,0.6113,0.1648,0,-0.3695,-0.6476,0.6665,0,0,12.9223,0,1]},
{"frame":22,"values":[0.5348,0.4306,0.727,0,-0.7638,0.6143,0.198,0,-0.3614,-0.6612,0.6575,0,0,12.9223,0,1]},
{"frame":23,"values":[0.5536,0.4082,0.7259,0,-0.753,0.6176,0.227,0,-0.3557,-0.6722,0.6493,0,0,12.9223,0,1]},
{"frame":24,"values":[0.5599,0.3833,0.7346,0,-0.745,0.6208,0.2439,0,-0.3626,-0.6839,0.6331,0,0,12.9223,0,1]},
{"frame":25,"values":[0.5514,0.3554,0.7547,0,-0.7416,0.6233,0.2483,0,-0.3821,-0.6966,0.6073,0,0,12.9223,0,1]},
{"frame":26,"values":[0.5346,0.3244,0.7803,0,-0.739,0.6273,0.2456,0,-0.4099,-0.708,0.5751,0,0,12.9223,0,1]},
{"frame":27,"values":[0.5082,0.2942,0.8094,0,-0.7399,0.6302,0.2355,0,-0.4408,-0.7186,0.538,0,0,12.9223,0,1]},
{"frame":28,"values":[0.4746,0.2665,0.8389,0,-0.7442,0.6304,0.2208,0,-0.47,-0.729,0.4976,0,0,12.9223,0,1]},
{"frame":29,"values":[0.4359,0.2429,0.8666,0,-0.752,0.6272,0.2025,0,-0.4944,-0.74,0.4561,0,0,12.9223,0,1]},
{"frame":30,"values":[0.3925,0.2235,0.8922,0,-0.7624,0.6216,0.1797,0,-0.5144,-0.7507,0.4144,0,0,12.9223,0,1]},
{"frame":31,"values":[0.3601,0.1927,0.9128,0,-0.769,0.6153,0.1735,0,-0.5282,-0.7644,0.3697,0,0,12.9223,0,1]}]}},
{"name":"mixamorig:LeftForeArm","index":9,"matrix":[-0.2662,0.9639,0,0,-0.9639,-0.2662,0,0,0,0,1,0,0,27.4047,0,1],"rest":[1,0,0,0,0,1,0,0,0,0,1,0,0,27.4047,0,1],"parentBoneIndex":8,"length":27.6145
,"animation":
{"name":"anim","property":"_matrix","dataType":3,"framePerSecond":30,"loopBehavior":1,"keys":[
{"frame":1,"values":[-0.2662,0.9639,0,0,-0.9639,-0.2662,0,0,0,0,1,0,0,27.4047,0,1]},
{"frame":2,"values":[-0.2685,0.9633,0,0,-0.9633,-0.2685,0,0,0,0,1,0,0,27.4047,0,1]},
{"frame":3,"values":[-0.2671,0.9637,0,0,-0.9637,-0.2671,0,0,0,0,1,0,0,27.4047,0,1]},
{"frame":4,"values":[-0.271,0.9626,0,0,-0.9626,-0.271,0,0,0,0,1,0,0,27.4047,0,1]},
{"frame":5,"values":[-0.2769,0.9609,0,0,-0.9609,-0.2769,0,0,0,0,1,0,0,27.4047,0,1]},
{"frame":6,"values":[-0.2993,0.9542,0,0,-0.9542,-0.2993,0,0,0,0,1,0,0,27.4047,0,1]},
{"frame":7,"values":[-0.3072,0.9516,0,0,-0.9516,-0.3072,0,0,0,0,1,0,0,27.4047,0,1]},
{"frame":8,"values":[-0.3171,0.9484,0,0,-0.9484,-0.3171,0,0,0,0,1,0,0,27.4047,0,1]},
{"frame":9,"values":[-0.3241,0.946,0,0,-0.946,-0.3241,0,0,0,0,1,0,0,27.4047,0,1]},
{"frame":10,"values":[-0.3272,0.945,0,0,-0.945,-0.3272,0,0,0,0,1,0,0,27.4047,0,1]},
{"frame":11,"values":[-0.3275,0.9449,0,0,-0.9449,-0.3275,0,0,0,0,1,0,0,27.4047,0,1]},
{"frame":12,"values":[-0.3203,0.9473,0,0,-0.9473,-0.3203,0,0,0,0,1,0,0,27.4047,0,1]},
{"frame":13,"values":[-0.3022,0.9532,0,0,-0.9532,-0.3022,0,0,0,0,1,0,0,27.4047,0,1]},
{"frame":14,"values":[-0.2782,0.9605,0,0,-0.9605,-0.2782,0,0,0,0,1,0,0,27.4047,0,1]},
{"frame":15,"values":[-0.2576,0.9662,0,0,-0.9662,-0.2576,0,0,0,0,1,0,0,27.4047,0,1]},
{"frame":16,"values":[-0.2446,0.9696,0,0,-0.9696,-0.2446,0,0,0,0,1,0,0,27.4047,0,1]},
{"frame":17,"values":[-0.2387,0.9711,0,0,-0.9711,-0.2387,0,0,0,0,1,0,0,27.4047,0,1]},
{"frame":18,"values":[-0.2409,0.9705,0,0,-0.9705,-0.2409,0,0,0,0,1,0,0,27.4047,0,1]},
{"frame":19,"values":[-0.2516,0.9678,0,0,-0.9678,-0.2516,0,0,0,0,1,0,0,27.4047,0,1]},
{"frame":20,"values":[-0.2663,0.9639,0,0,-0.9639,-0.2663,0,0,0,0,1,0,0,27.4047,0,1]},
{"frame":21,"values":[-0.2769,0.9609,0,0,-0.9609,-0.2769,0,0,0,0,1,0,0,27.4047,0,1]},
{"frame":22,"values":[-0.2786,0.9604,0,0,-0.9604,-0.2786,0,0,0,0,1,0,0,27.4047,0,1]},
{"frame":23,"values":[-0.2735,0.9619,0,0,-0.9619,-0.2735,0,0,0,0,1,0,0,27.4047,0,1]},
{"frame":24,"values":[-0.2656,0.9641,0,0,-0.9641,-0.2656,0,0,0,0,1,0,0,27.4047,0,1]},
{"frame":25,"values":[-0.2597,0.9657,0,0,-0.9657,-0.2597,0,0,0,0,1,0,0,27.4047,0,1]},
{"frame":26,"values":[-0.2593,0.9658,0,0,-0.9658,-0.2593,0,0,0,0,1,0,0,27.4047,0,1]},
{"frame":27,"values":[-0.2627,0.9649,0,0,-0.9649,-0.2627,0,0,0,0,1,0,0,27.4047,0,1]},
{"frame":28,"values":[-0.2659,0.964,0,0,-0.964,-0.2659,0,0,0,0,1,0,0,27.4047,0,1]},
{"frame":29,"values":[-0.2676,0.9635,0,0,-0.9635,-0.2676,0,0,0,0,1,0,0,27.4047,0,1]},
{"frame":30,"values":[-0.2726,0.9621,0,0,-0.9621,-0.2726,0,0,0,0,1,0,0,27.4047,0,1]},
{"frame":31,"values":[-0.2662,0.9639,0,0,-0.9639,-0.2662,0,0,0,0,1,0,0,27.4047,0,1]}]}},
{"name":"mixamorig:LeftHand","index":10,"matrix":[0.7551,0.4246,0.4996,0,-0.5561,0.8184,0.145,0,-0.3473,-0.3873,0.854,0,0,27.6145,0,1],"rest":[1,0,0,0,0,1,0,0,0,0,1,0,0,27.6145,0,1],"parentBoneIndex":9,"length":10.9801
,"animation":
{"name":"anim","property":"_matrix","dataType":3,"framePerSecond":30,"loopBehavior":1,"keys":[
{"frame":1,"values":[0.7551,0.4246,0.4996,0,-0.5561,0.8184,0.145,0,-0.3473,-0.3873,0.854,0,0,27.6145,0,1]},
{"frame":2,"values":[0.7518,0.4207,0.5077,0,-0.5584,0.8157,0.1508,0,-0.3507,-0.3969,0.8482,0,0,27.6145,0,1]},
{"frame":3,"values":[0.7507,0.4148,0.5142,0,-0.5574,0.8155,0.156,0,-0.3546,-0.4037,0.8434,0,0,27.6145,0,1]},
{"frame":4,"values":[0.7585,0.3969,0.5169,0,-0.5426,0.8239,0.1637,0,-0.3609,-0.4046,0.8403,0,0,27.6145,0,1]},
{"frame":5,"values":[0.7724,0.3646,0.52,0,-0.5143,0.8395,0.1752,0,-0.3727,-0.4028,0.836,0,0,27.6145,0,1]},
{"frame":6,"values":[0.7872,0.3251,0.524,0,-0.4784,0.8582,0.1863,0,-0.3892,-0.3973,0.8311,0,0,27.6145,0,1]},
{"frame":7,"values":[0.7975,0.2873,0.5305,0,-0.444,0.8748,0.1937,0,-0.4085,-0.39,0.8252,0,0,27.6145,0,1]},
{"frame":8,"values":[0.8014,0.2546,0.5412,0,-0.417,0.8865,0.2004,0,-0.4287,-0.3863,0.8167,0,0,27.6145,0,1]},
{"frame":9,"values":[0.8021,0.2256,0.5529,0,-0.395,0.8948,0.208,0,-0.4478,-0.3852,0.8069,0,0,27.6145,0,1]},
{"frame":10,"values":[0.8036,0.2038,0.5593,0,-0.376,0.9022,0.2114,0,-0.4615,-0.3802,0.8016,0,0,27.6145,0,1]},
{"frame":11,"values":[0.8032,0.2029,0.5601,0,-0.3723,0.905,0.2059,0,-0.4651,-0.3739,0.8024,0,0,27.6145,0,1]},
{"frame":12,"values":[0.793,0.2347,0.5621,0,-0.4021,0.8949,0.1936,0,-0.4576,-0.3796,0.8041,0,0,27.6145,0,1]},
{"frame":13,"values":[0.7696,0.2918,0.5679,0,-0.4621,0.8684,0.1799,0,-0.4407,-0.4009,0.8032,0,0,27.6145,0,1]},
{"frame":14,"values":[0.7403,0.3495,0.5743,0,-0.5245,0.8346,0.1683,0,-0.4205,-0.4258,0.8012,0,0,27.6145,0,1]},
{"frame":15,"values":[0.7171,0.3879,0.579,0,-0.5674,0.8074,0.1617,0,-0.4048,-0.4445,0.7991,0,0,27.6145,0,1]},
{"frame":16,"values":[0.7037,0.4042,0.5843,0,-0.5891,0.7917,0.1618,0,-0.3972,-0.4581,0.7952,0,0,27.6145,0,1]},
{"frame":17,"values":[0.6983,0.4052,0.5901,0,-0.5963,0.7854,0.1663,0,-0.396,-0.468,0.79,0,0,27.6145,0,1]},
{"frame":18,"values":[0.7017,0.399,0.5903,0,-0.5911,0.7885,0.1697,0,-0.3977,-0.468,0.7892,0,0,27.6145,0,1]},
{"frame":19,"values":[0.7154,0.3933,0.5775,0,-0.5746,0.8015,0.1659,0,-0.3976,-0.4505,0.7994,0,0,27.6145,0,1]},
{"frame":20,"values":[0.7347,0.3956,0.5511,0,-0.555,0.8177,0.1529,0,-0.3901,-0.4182,0.8203,0,0,27.6145,0,1]},
{"frame":21,"values":[0.7504,0.4088,0.5194,0,-0.5445,0.8278,0.1351,0,-0.3748,-0.3841,0.8438,0,0,27.6145,0,1]},
{"frame":22,"values":[0.756,0.4289,0.4945,0,-0.5481,0.8277,0.1201,0,-0.3578,-0.3619,0.8608,0,0,27.6145,0,1]},
{"frame":23,"values":[0.7526,0.4496,0.4811,0,-0.5611,0.8203,0.1112,0,-0.3446,-0.3536,0.8696,0,0,27.6145,0,1]},
{"frame":24,"values":[0.7495,0.4599,0.4762,0,-0.5692,0.8149,0.1088,0,-0.338,-0.3526,0.8726,0,0,27.6145,0,1]},
{"frame":25,"values":[0.7489,0.4612,0.4758,0,-0.5712,0.8133,0.1107,0,-0.336,-0.3547,0.8726,0,0,27.6145,0,1]},
{"frame":26,"values":[0.7496,0.4583,0.4775,0,-0.5703,0.8134,0.1146,0,-0.3359,-0.3582,0.8711,0,0,27.6145,0,1]},
{"frame":27,"values":[0.7512,0.4525,0.4806,0,-0.5674,0.8147,0.1199,0,-0.3373,-0.3627,0.8687,0,0,27.6145,0,1]},
{"frame":28,"values":[0.7533,0.4448,0.4845,0,-0.5633,0.8166,0.1261,0,-0.3395,-0.3679,0.8657,0,0,27.6145,0,1]},
{"frame":29,"values":[0.7555,0.4365,0.4885,0,-0.5587,0.8187,0.1326,0,-0.342,-0.3731,0.8624,0,0,27.6145,0,1]},
{"frame":30,"values":[0.757,0.4292,0.4927,0,-0.5553,0.8199,0.1389,0,-0.3444,-0.3787,0.8591,0,0,27.6145,0,1]},
{"frame":31,"values":[0.7551,0.4246,0.4996,0,-0.5561,0.8184,0.145,0,-0.3473,-0.3873,0.854,0,0,27.6145,0,1]}]}},
{"name":"mixamorig:LeftHandThumb1","index":11,"matrix":[0.9972,-0.0182,0.072,0,-0.0344,0.7461,0.6649,0,-0.0658,-0.6655,0.7435,0,-3.003,3.7888,2.1671,1],"rest":[0.8944,0.3873,0.2236,0,-0.4472,0.7746,0.4472,0,0,-0.5,0.866,0,-3.003,3.7888,2.1671,1],"parentBoneIndex":10,"length":4.745
,"animation":
{"name":"anim","property":"_matrix","dataType":3,"framePerSecond":30,"loopBehavior":1,"keys":[
{"frame":1,"values":[0.9972,-0.0182,0.072,0,-0.0344,0.7461,0.6649,0,-0.0658,-0.6655,0.7435,0,-3.003,3.7888,2.1671,1]},
{"frame":31,"values":[0.9972,-0.0182,0.072,0,-0.0344,0.7461,0.6649,0,-0.0658,-0.6655,0.7435,0,-3.003,3.7888,2.1671,1]}]}},
{"name":"mixamorig:LeftHandThumb2","index":12,"matrix":[0.4209,-0.8311,0.3635,0,0.9059,0.4061,-0.1204,0,-0.0475,0.3799,0.9238,0,0,4.745,0,1],"rest":[1,0,0,0,0,1,0,0,0,0,1,0,0,4.745,0,1],"parentBoneIndex":11,"length":4.3821
,"animation":
{"name":"anim","property":"_matrix","dataType":3,"framePerSecond":30,"loopBehavior":1,"keys":[
{"frame":1,"values":[0.4209,-0.8311,0.3635,0,0.9059,0.4061,-0.1204,0,-0.0475,0.3799,0.9238,0,0,4.745,0,1]},
{"frame":31,"values":[0.4209,-0.8311,0.3635,0,0.9059,0.4061,-0.1204,0,-0.0475,0.3799,0.9238,0,0,4.745,0,1]}]}},
